100
57633.3333 30133.3333
57100.0000 30166.6667
57583.3333 30233.3333
56850.0000 30250.0000
56950.0000 30250.0000
57583.3333 30250.0000
56966.6667 30300.0000
56816.6667 30316.6667
56466.6667 30400.0000
56783.3333 30400.0000
57433.3333 30433.3333
56550.0000 30466.6667
56516.6667 30483.3333
56450.0000 30500.0000
56666.6667 30500.0000
57866.6667 30550.0000
56883.3333 30566.6667
57683.3333 30600.0000
56900.0000 30616.6667
56166.6667 30633.3333
57033.3333 30683.3333
57516.6667 30683.3333
56600.0000 30716.6667
56733.3333 30733.3333
57316.6667 30733.3333
56750.0000 30750.0000
57783.3333 30783.3333
56750.0000 30833.3333
56366.6667 30866.6667
55516.6667 30900.0000
56300.0000 30916.6667
55483.3333 30933.3333
55550.0000 30933.3333
56650.0000 30950.0000
55550.0000 30966.6667
57533.3333 30966.6667
55683.3333 31000.0000
56250.0000 31000.0000
56566.6667 31016.6667
56600.0000 31033.3333
56883.3333 31033.3333
56016.6667 31083.3333
56516.6667 31083.3333
57016.6667 31083.3333
57516.6667 31083.3333
57600.0000 31083.3333
57833.3333 31083.3333
55666.6667 31100.0000
55983.3333 31100.0000
57016.6667 31100.0000
56466.6667 31116.6667
55750.0000 31166.6667
57000.0000 31166.6667
57083.3333 31166.6667
56283.3333 31183.3333
56933.3333 31183.3333
55750.0000 31200.0000
57233.3333 31200.0000
55666.6667 31216.6667
56316.6667 31216.6667
55633.3333 31233.3333
55883.3333 31233.3333
57116.6667 31233.3333
55333.3333 31250.0000
55950.0000 31250.0000
56833.3333 31250.0000
57166.6667 31250.0000
57200.0000 31250.0000
56433.3333 31283.3333
55866.6667 31300.0000
56016.6667 31300.0000
57066.6667 31300.0000
57100.0000 31300.0000
57133.3333 31300.0000
57150.0000 31300.0000
57200.0000 31300.0000
57700.0000 31300.0000
55200.0000 31316.6667
57800.0000 31333.3333
57833.3333 31333.3333
57883.3333 31333.3333
55383.3333 31350.0000
56633.3333 31350.0000
57783.3333 31350.0000
57800.0000 31350.0000
57983.3333 31350.0000
55083.3333 31366.6667
55666.6667 31366.6667
55850.0000 31366.6667
55866.6667 31383.3333
57966.6667 31383.3333
56366.6667 31400.0000
57783.3333 31400.0000
54916.6667 31416.6667
56683.3333 31416.6667
55233.3333 31433.3333
55416.6667 31450.0000
56383.3333 31450.0000
55166.6667 31466.6667
56833.3333 31466.6667