38
42102.500000 11003.611100
42373.888900 11108.611100
42885.833300 11133.333300
42712.500000 11155.833300
42933.333300 11183.333300
42853.333300 11297.500000
42929.444400 11310.277800
42983.333300 11416.666700
43000.277800 11423.888900
42057.222200 11438.333300
43252.777800 11461.111100
43187.222200 11485.555600
42855.277800 11503.055600
42106.388900 11511.388900
42841.944400 11522.222200
43136.666700 11569.444400
43150.000000 11583.333300
43148.055600 11595.000000
43150.000000 11600.000000
42686.666700 11690.555600
41836.111100 11715.833300
42814.444400 11751.111100
42651.944400 11770.277800
42884.444400 11785.277800
42673.611100 11822.777800
42660.555600 11846.944400
43290.555600 11963.055600
43026.111100 11973.055600
42195.555600 12058.333300
42477.500000 12149.444400
43355.555600 12286.944400
42433.333300 12300.000000
43156.388900 12355.833300
43189.166700 12363.333300
42711.388900 12372.777800
43334.722200 12386.666700
42895.555600 12421.666700
42973.333300 12645.000000